camera_matrix:
- - 503.36595872620774
  - 0.0
  - 304.4147382351935
- - 0.0
  - 503.98217117384166
  - 239.51697405279154
- - 0.0
  - 0.0
  - 1.0
distorsion_coefficients:
- - 0.1799480644349989
  - -0.3404960020687246
  - -0.00393756671978649
  - 0.0003234491315832704
  - 0.10231878902787739

