camera_matrix:
- - 250.89434703882398
  - 0.0
  - 160.80130732756317
- - 0.0
  - 250.94730229787697
  - 120.41950840169389
- - 0.0
  - 0.0
  - 1.0
distorsion_coefficients:
- - 0.13878010814377764
  - 0.11049539485713926
  - -0.00180285505009849
  - 0.00012199718556397321
  - -1.2612872662690287

