camera_matrix:
- - 502.80596789535684
  - 0.0
  - 321.6450194423169
- - 0.0
  - 503.4368068711218
  - 241.38320347299288
- - 0.0
  - 0.0
  - 1.0
distorsion_coefficients:
- - 0.20239639144723634
  - -0.497680070417455
  - -0.0010713563468223407
  - 0.00030820241029780223
  - 0.3440568398219884

