camera_matrix:
- - 286.92089496386194
  - 0.0
  - 151.384984212088
- - 0.0
  - 287.38247977558444
  - 108.86793074284887
- - 0.0
  - 0.0
  - 1.0
distortion_coefficients:
- - -0.43689998889085596
  - 0.2657031618761333
  - -0.0018420582737331732
  - 4.71441821443245e-06
  - -0.09939492129748535