camera_matrix:
- - 508.9321128167433
  - 0.0
  - 327.82886078929664
- - 0.0
  - 507.9885656383112
  - 238.24285007090208
- - 0.0
  - 0.0
  - 1.0
distorsion_coefficients:
- - 0.2068002349429312
  - -0.3891491830785804
  - -0.0035397240579704025
  - 0.00551903464220396
  - -0.07898444259712326
