camera_matrix:
- - 539.1802608143408
  - 0.0
  - 325.6432609083165
- - 0.0
  - 534.7829461081144
  - 236.26717202826447
- - 0.0
  - 0.0
  - 1.0
distorsion_coefficients:
- - -0.04736241633913893
  - 0.21797274046636797
  - -0.007288930452697088
  - 0.011852603802448953
  - -0.3330263892676342
