camera_matrix:
- - 493.3735021706563
  - 0.0
  - 307.4017248058777
- - 0.0
  - 489.90194281934833
  - 242.97496749142528
- - 0.0
  - 0.0
  - 1.0
distorsion_coefficients:
- - 0.1972038941039976
  - -0.6879473901781787
  - -0.00018135822357067275
  - 0.002456051694419873
  - 0.9770599757690893

