camera_matrix:
- - 1156.40141075169
  - 0.0
  - 636.7867726759523
- - 0.0
  - 1156.9966244517805
  - 457.6853682454597
- - 0.0
  - 0.0
  - 1.0
distortion_coefficients:
- - -0.43140658052022285
  - 0.26771551633707247
  - 0.0021486058215763786
  - -2.8403200505827537e-05
  - -0.11978934347641809
