camera_matrix:
- - 243.94747903199953
  - 0.0
  - 159.61420309203723
- - 0.0
  - 242.66416314505338
  - 118.0322209642061
- - 0.0
  - 0.0
  - 1.0
distortion_coefficients:
- - 0.012068828464579484
  - 0.23501260990187808
  - -0.008378734548493206
  - -0.014046302964481075
  - -0.6076230084172239
