camera_matrix:
- - 241.9927611416208
  - 0.0
  - 160.40392772042617
- - 0.0
  - 239.97904830194767
  - 117.18535541027305
- - 0.0
  - 0.0
  - 1.0
distortion_coefficients:
- - 0.18570750960128554
  - -1.1917771088905187
  - 0.008500338020699818
  - -0.013288860525923492
  - 2.223065059893063
